REAL,miRNA,premiRNA,rRNA,snRNA,snoRNA,tRNA,tmRNA,All
miRNA,40,77,6,10,15,52,11,211
premiRNA,52,81,2,5,12,37,14,203
rRNA,5,8,130,29,4,3,370,549
snRNA,5,7,11,25,22,4,17,91
snoRNA,15,20,12,28,31,23,14,143
tRNA,14,45,2,0,12,277,6,356
tmRNA,0,2,48,36,5,4,185,280
All,131,240,211,133,101,400,617,1833
