nameseq,AA,AC,AG,AT,CA,CC,CG,CT,GA,GC,GG,GT,TA,TC,TG,TT,label
URS000006F838/Thermoanaerobacter,0.2875,0.025,0.05,0.0125,0.0125,0.15,0.0,0.0125,0.0375,0.0,0.175,0.0125,0.025,0.0,0.0125,0.1875,miRNA
URS0000283DEC/Oscillatoriales,0.03125,0.03125,0.07291666666666667,0.19791666666666666,0.041666666666666664,0.010416666666666666,0.041666666666666664,0.03125,0.03125,0.052083333333333336,0.020833333333333332,0.0625,0.21875,0.041666666666666664,0.03125,0.08333333333333333,miRNA
URS000020C75E/Pseudomonas,0.06557377049180328,0.0,0.09836065573770492,0.03278688524590164,0.01639344262295082,0.09836065573770492,0.11475409836065574,0.06557377049180328,0.06557377049180328,0.18032786885245902,0.08196721311475409,0.03278688524590164,0.04918032786885246,0.03278688524590164,0.04918032786885246,0.01639344262295082,miRNA
URS00002CF439/Capnocytophaga,0.07954545454545454,0.045454545454545456,0.09090909090909091,0.07954545454545454,0.056818181818181816,0.022727272727272728,0.056818181818181816,0.06818181818181818,0.10227272727272728,0.06818181818181818,0.045454545454545456,0.03409090909090909,0.045454545454545456,0.06818181818181818,0.056818181818181816,0.07954545454545454,miRNA
URS00002D2BC5/Rhizobium,0.015384615384615385,0.046153846153846156,0.1076923076923077,0.015384615384615385,0.03076923076923077,0.09230769230769231,0.09230769230769231,0.07692307692307693,0.07692307692307693,0.07692307692307693,0.1076923076923077,0.06153846153846154,0.046153846153846156,0.07692307692307693,0.015384615384615385,0.06153846153846154,miRNA
URS0000326346/Prevotella,0.12380952380952381,0.047619047619047616,0.08571428571428572,0.06666666666666667,0.0380952380952381,0.06666666666666667,0.0,0.0761904761904762,0.08571428571428572,0.009523809523809525,0.06666666666666667,0.06666666666666667,0.0761904761904762,0.06666666666666667,0.06666666666666667,0.05714285714285714,miRNA
URS00002EE34B/Pseudomonas,0.08860759493670886,0.0379746835443038,0.0759493670886076,0.05063291139240506,0.05063291139240506,0.06329113924050633,0.06329113924050633,0.08860759493670886,0.05063291139240506,0.11392405063291139,0.05063291139240506,0.02531645569620253,0.05063291139240506,0.05063291139240506,0.06329113924050633,0.0759493670886076,miRNA
URS00003B57B0/Rivularia,0.11194029850746269,0.04477611940298507,0.11940298507462686,0.04477611940298507,0.014925373134328358,0.029850746268656716,0.007462686567164179,0.1044776119402985,0.12686567164179105,0.0,0.12686567164179105,0.029850746268656716,0.06716417910447761,0.08955223880597014,0.022388059701492536,0.05970149253731343,miRNA
URS000035ED5D/Capnocytophaga,0.22033898305084745,0.0423728813559322,0.0847457627118644,0.059322033898305086,0.06779661016949153,0.05084745762711865,0.03389830508474576,0.05084745762711865,0.05084745762711865,0.05084745762711865,0.01694915254237288,0.0423728813559322,0.06779661016949153,0.059322033898305086,0.025423728813559324,0.07627118644067797,miRNA
URS00003E1E75/Capnocytophaga,0.04878048780487805,0.06097560975609756,0.06097560975609756,0.036585365853658534,0.06097560975609756,0.04878048780487805,0.036585365853658534,0.07317073170731707,0.07317073170731707,0.04878048780487805,0.04878048780487805,0.06097560975609756,0.036585365853658534,0.06097560975609756,0.08536585365853659,0.15853658536585366,miRNA
URS00003CFD19/Desulfobacter,0.18181818181818182,0.01818181818181818,0.05454545454545454,0.07272727272727272,0.03636363636363636,0.01818181818181818,0.03636363636363636,0.07272727272727272,0.03636363636363636,0.07272727272727272,0.03636363636363636,0.01818181818181818,0.09090909090909091,0.05454545454545454,0.03636363636363636,0.16363636363636364,miRNA
URS000053415E/Lachnospiraceae,0.14285714285714285,0.09090909090909091,0.1038961038961039,0.05194805194805195,0.11688311688311688,0.025974025974025976,0.025974025974025976,0.05194805194805195,0.07792207792207792,0.05194805194805195,0.05194805194805195,0.012987012987012988,0.05194805194805195,0.05194805194805195,0.012987012987012988,0.07792207792207792,miRNA
URS00003F18A8/Capnocytophaga,0.09195402298850575,0.05747126436781609,0.05747126436781609,0.06896551724137931,0.034482758620689655,0.034482758620689655,0.09195402298850575,0.022988505747126436,0.04597701149425287,0.04597701149425287,0.06896551724137931,0.10344827586206896,0.11494252873563218,0.04597701149425287,0.04597701149425287,0.06896551724137931,miRNA
URS00004159DF/Ralstonia,0.09448818897637795,0.031496062992125984,0.047244094488188976,0.03937007874015748,0.023622047244094488,0.07086614173228346,0.11023622047244094,0.047244094488188976,0.07874015748031496,0.07874015748031496,0.10236220472440945,0.047244094488188976,0.015748031496062992,0.07086614173228346,0.05511811023622047,0.08661417322834646,miRNA
URS000045437B/Prevotella,0.07954545454545454,0.07386363636363637,0.056818181818181816,0.07386363636363637,0.09659090909090909,0.11931818181818182,0.011363636363636364,0.06818181818181818,0.0625,0.017045454545454544,0.045454545454545456,0.045454545454545456,0.03977272727272727,0.09090909090909091,0.056818181818181816,0.0625,miRNA
URS000047E949/Prevotella,0.1111111111111111,0.03418803418803419,0.1623931623931624,0.03418803418803419,0.03418803418803419,0.042735042735042736,0.05128205128205128,0.05982905982905983,0.17094017094017094,0.05982905982905983,0.017094017094017096,0.02564102564102564,0.02564102564102564,0.05982905982905983,0.03418803418803419,0.07692307692307693,miRNA
URS00005255A8/Rhizobium,0.05333333333333334,0.05333333333333334,0.09333333333333334,0.02666666666666667,0.013333333333333334,0.08,0.10666666666666667,0.05333333333333334,0.12,0.06666666666666667,0.13333333333333333,0.04,0.02666666666666667,0.05333333333333334,0.02666666666666667,0.05333333333333334,miRNA
URS000055B57E/Pseudomonas,0.07526881720430108,0.03225806451612903,0.0967741935483871,0.053763440860215055,0.06451612903225806,0.053763440860215055,0.07526881720430108,0.07526881720430108,0.06451612903225806,0.11827956989247312,0.06451612903225806,0.043010752688172046,0.053763440860215055,0.053763440860215055,0.06451612903225806,0.010752688172043012,miRNA
URS000057EBF6/Moorea,0.0,0.24731182795698925,0.0,0.010752688172043012,0.0,0.0,0.23655913978494625,0.010752688172043012,0.0,0.0,0.0,0.23655913978494625,0.25806451612903225,0.0,0.0,0.0,miRNA
URS0000655ADD/Frankia,0.012195121951219513,0.04878048780487805,0.06097560975609756,0.024390243902439025,0.012195121951219513,0.12195121951219512,0.13414634146341464,0.06097560975609756,0.07317073170731707,0.08536585365853659,0.14634146341463414,0.06097560975609756,0.04878048780487805,0.08536585365853659,0.012195121951219513,0.012195121951219513,miRNA
URS0000669483/Sorangium,0.0,0.0,0.03409090909090909,0.09090909090909091,0.056818181818181816,0.09090909090909091,0.14772727272727273,0.045454545454545456,0.06818181818181818,0.14772727272727273,0.10227272727272728,0.045454545454545456,0.0,0.10227272727272728,0.06818181818181818,0.0,miRNA
URS00005C93BE/Pseudomonas,0.024691358024691357,0.012345679012345678,0.06172839506172839,0.04938271604938271,0.012345679012345678,0.09876543209876543,0.14814814814814814,0.06172839506172839,0.07407407407407407,0.12345679012345678,0.1111111111111111,0.04938271604938271,0.037037037037037035,0.08641975308641975,0.024691358024691357,0.024691358024691357,miRNA
URS0000674681/Streptomyces,0.024390243902439025,0.07317073170731707,0.07317073170731707,0.0,0.04878048780487805,0.0975609756097561,0.0975609756097561,0.07317073170731707,0.0975609756097561,0.0975609756097561,0.12195121951219512,0.04878048780487805,0.0,0.07317073170731707,0.04878048780487805,0.024390243902439025,miRNA
URS0000609D73/Pseudomonas,0.05063291139240506,0.06329113924050633,0.0759493670886076,0.0379746835443038,0.0759493670886076,0.10126582278481013,0.10126582278481013,0.012658227848101266,0.10126582278481013,0.11392405063291139,0.0759493670886076,0.05063291139240506,0.0,0.02531645569620253,0.08860759493670886,0.02531645569620253,miRNA
URS00005684F2/Xanthomonas,0.16279069767441862,0.03488372093023256,0.03488372093023256,0.09302325581395349,0.09302325581395349,0.10465116279069768,0.03488372093023256,0.023255813953488372,0.06976744186046512,0.03488372093023256,0.08139534883720931,0.011627906976744186,0.011627906976744186,0.08139534883720931,0.03488372093023256,0.09302325581395349,miRNA
URS0000613847/Pseudomonas,0.06329113924050633,0.02531645569620253,0.11392405063291139,0.0379746835443038,0.05063291139240506,0.08860759493670886,0.06329113924050633,0.08860759493670886,0.0759493670886076,0.11392405063291139,0.0379746835443038,0.0379746835443038,0.0379746835443038,0.06329113924050633,0.05063291139240506,0.05063291139240506,miRNA
URS00006A857B/Sphingomonas,0.0,0.038834951456310676,0.02912621359223301,0.038834951456310676,0.02912621359223301,0.18446601941747573,0.1262135922330097,0.0970873786407767,0.06796116504854369,0.07766990291262135,0.13592233009708737,0.019417475728155338,0.0,0.13592233009708737,0.019417475728155338,0.0,miRNA
URS00007F06D9/Candidatus,0.08928571428571429,0.03571428571428571,0.03571428571428571,0.16071428571428573,0.125,0.017857142857142856,0.017857142857142856,0.017857142857142856,0.08928571428571429,0.07142857142857142,0.0,0.05357142857142857,0.017857142857142856,0.05357142857142857,0.16071428571428573,0.05357142857142857,miRNA
URS0000ADC386/Curtobacterium,0.046875,0.09375,0.015625,0.015625,0.0625,0.140625,0.171875,0.015625,0.046875,0.125,0.140625,0.046875,0.015625,0.046875,0.015625,0.0,miRNA
URS0000705BBA/Streptomyces,0.0,0.06779661016949153,0.01694915254237288,0.03389830508474576,0.03389830508474576,0.13559322033898305,0.1694915254237288,0.01694915254237288,0.06779661016949153,0.06779661016949153,0.15254237288135594,0.0847457627118644,0.03389830508474576,0.0847457627118644,0.03389830508474576,0.0,miRNA
URS0000AF0259/Curtobacterium,0.0,0.05970149253731343,0.04477611940298507,0.014925373134328358,0.04477611940298507,0.14925373134328357,0.19402985074626866,0.014925373134328358,0.05970149253731343,0.14925373134328357,0.11940298507462686,0.05970149253731343,0.0,0.05970149253731343,0.029850746268656716,0.0,miRNA
URS0000702B0E/Spirosoma,0.075,0.05,0.03333333333333333,0.05,0.025,0.09166666666666666,0.10833333333333334,0.058333333333333334,0.075,0.08333333333333333,0.11666666666666667,0.03333333333333333,0.025,0.058333333333333334,0.05,0.06666666666666667,miRNA
URS000071FD08/Streptomyces,0.017241379310344827,0.05172413793103448,0.034482758620689655,0.0,0.017241379310344827,0.1896551724137931,0.1724137931034483,0.017241379310344827,0.034482758620689655,0.10344827586206896,0.1896551724137931,0.06896551724137931,0.034482758620689655,0.034482758620689655,0.017241379310344827,0.017241379310344827,miRNA
URS000080159D/Neochlamydia,0.08695652173913043,0.09782608695652174,0.05434782608695652,0.05434782608695652,0.05434782608695652,0.05434782608695652,0.010869565217391304,0.11956521739130435,0.043478260869565216,0.03260869565217391,0.03260869565217391,0.043478260869565216,0.11956521739130435,0.05434782608695652,0.05434782608695652,0.08695652173913043,miRNA
URS00007E5D41/Parachlamydia,0.08196721311475409,0.01639344262295082,0.08196721311475409,0.14754098360655737,0.09836065573770492,0.04918032786885246,0.0,0.06557377049180328,0.14754098360655737,0.01639344262295082,0.01639344262295082,0.0,0.0,0.13114754098360656,0.08196721311475409,0.06557377049180328,miRNA
URS000080A228/Candidatus,0.08571428571428572,0.02857142857142857,0.08571428571428572,0.08571428571428572,0.02857142857142857,0.02857142857142857,0.02857142857142857,0.05714285714285714,0.05714285714285714,0.05714285714285714,0.02857142857142857,0.05714285714285714,0.11428571428571428,0.02857142857142857,0.05714285714285714,0.17142857142857143,miRNA
URS00007F65E4/Parachlamydia,0.12612612612612611,0.018018018018018018,0.08108108108108109,0.08108108108108109,0.04504504504504504,0.02702702702702703,0.036036036036036036,0.05405405405405406,0.05405405405405406,0.08108108108108109,0.06306306306306306,0.05405405405405406,0.07207207207207207,0.036036036036036036,0.07207207207207207,0.0990990990990991,miRNA
URS000083257D/Tannerella,0.11038961038961038,0.05194805194805195,0.045454545454545456,0.05194805194805195,0.032467532467532464,0.045454545454545456,0.05844155844155844,0.08441558441558442,0.08441558441558442,0.05844155844155844,0.03896103896103896,0.045454545454545456,0.032467532467532464,0.06493506493506493,0.08441558441558442,0.11038961038961038,miRNA
URS0000B85E65/Sphingomonas,0.08163265306122448,0.030612244897959183,0.08163265306122448,0.061224489795918366,0.04081632653061224,0.11224489795918367,0.04081632653061224,0.07142857142857142,0.10204081632653061,0.030612244897959183,0.11224489795918367,0.02040816326530612,0.030612244897959183,0.09183673469387756,0.030612244897959183,0.061224489795918366,miRNA
URS000080A323/Parachlamydia,0.14814814814814814,0.05555555555555555,0.09259259259259259,0.018518518518518517,0.05555555555555555,0.05555555555555555,0.05555555555555555,0.07407407407407407,0.07407407407407407,0.05555555555555555,0.018518518518518517,0.037037037037037035,0.05555555555555555,0.05555555555555555,0.018518518518518517,0.12962962962962962,miRNA
URS0000820B05/Tannerella,0.061224489795918366,0.04081632653061224,0.061224489795918366,0.061224489795918366,0.061224489795918366,0.030612244897959183,0.0,0.10204081632653061,0.030612244897959183,0.08163265306122448,0.04081632653061224,0.05102040816326531,0.07142857142857142,0.04081632653061224,0.09183673469387756,0.17346938775510204,miRNA
URS0000824F6B/Tannerella,0.024390243902439025,0.06707317073170732,0.03048780487804878,0.06097560975609756,0.036585365853658534,0.06097560975609756,0.08536585365853659,0.10365853658536585,0.06707317073170732,0.04878048780487805,0.03048780487804878,0.042682926829268296,0.054878048780487805,0.10975609756097561,0.042682926829268296,0.13414634146341464,miRNA
URS00000FB4B3/Capnocytophaga,0.09473684210526316,0.042105263157894736,0.031578947368421054,0.07368421052631578,0.021052631578947368,0.08421052631578947,0.0,0.021052631578947368,0.06315789473684211,0.0,0.12631578947368421,0.05263157894736842,0.06315789473684211,0.010526315789473684,0.08421052631578947,0.23157894736842105,miRNA
URS00001D7098/Xenococcus,0.1111111111111111,0.027777777777777776,0.08333333333333333,0.06944444444444445,0.027777777777777776,0.013888888888888888,0.013888888888888888,0.06944444444444445,0.06944444444444445,0.041666666666666664,0.05555555555555555,0.06944444444444445,0.09722222222222222,0.041666666666666664,0.08333333333333333,0.125,miRNA
URS000007F1E8/Pantoea,0.07142857142857142,0.03571428571428571,0.05952380952380952,0.047619047619047616,0.07142857142857142,0.09523809523809523,0.11904761904761904,0.047619047619047616,0.05952380952380952,0.11904761904761904,0.05952380952380952,0.03571428571428571,0.023809523809523808,0.07142857142857142,0.03571428571428571,0.047619047619047616,miRNA
URS00001D5617/Candidatus,0.1702127659574468,0.06382978723404255,0.0,0.14893617021276595,0.0851063829787234,0.0,0.0425531914893617,0.0,0.0851063829787234,0.0,0.0,0.0425531914893617,0.02127659574468085,0.06382978723404255,0.0851063829787234,0.19148936170212766,miRNA
URS0000D215CF/Chitinophaga,0.061855670103092786,0.0,0.05154639175257732,0.1958762886597938,0.05154639175257732,0.010309278350515464,0.030927835051546393,0.030927835051546393,0.10309278350515463,0.030927835051546393,0.030927835051546393,0.020618556701030927,0.10309278350515463,0.08247422680412371,0.07216494845360824,0.12371134020618557,miRNA
URS00002353C5/Pseudomonas,0.0625,0.0125,0.0875,0.075,0.05,0.0375,0.05,0.0875,0.0875,0.1,0.05,0.025,0.025,0.075,0.0875,0.0875,miRNA
URS0000CD6FAC/Chitinophaga,0.13592233009708737,0.02912621359223301,0.05825242718446602,0.13592233009708737,0.02912621359223301,0.04854368932038835,0.038834951456310676,0.038834951456310676,0.08737864077669903,0.019417475728155338,0.038834951456310676,0.019417475728155338,0.10679611650485436,0.05825242718446602,0.038834951456310676,0.11650485436893204,miRNA
URS0000D0BEC8/Pseudomonas,0.12745098039215685,0.058823529411764705,0.06862745098039216,0.049019607843137254,0.058823529411764705,0.049019607843137254,0.049019607843137254,0.0784313725490196,0.08823529411764706,0.08823529411764706,0.0392156862745098,0.0196078431372549,0.029411764705882353,0.049019607843137254,0.0784313725490196,0.06862745098039216,miRNA
URS0000D23776/Spirosoma,0.043478260869565216,0.07608695652173914,0.05434782608695652,0.05434782608695652,0.043478260869565216,0.06521739130434782,0.08695652173913043,0.05434782608695652,0.10869565217391304,0.043478260869565216,0.06521739130434782,0.05434782608695652,0.03260869565217391,0.06521739130434782,0.06521739130434782,0.08695652173913043,miRNA
URS0000E138E8/Stenotrophomonas,0.10975609756097561,0.04878048780487805,0.04878048780487805,0.036585365853658534,0.024390243902439025,0.0975609756097561,0.06097560975609756,0.04878048780487805,0.07317073170731707,0.024390243902439025,0.08536585365853659,0.07317073170731707,0.036585365853658534,0.06097560975609756,0.04878048780487805,0.12195121951219512,miRNA
URS0000CFA823/Pseudomonas,0.10784313725490197,0.058823529411764705,0.06862745098039216,0.058823529411764705,0.0784313725490196,0.058823529411764705,0.0392156862745098,0.08823529411764706,0.0784313725490196,0.08823529411764706,0.029411764705882353,0.00980392156862745,0.029411764705882353,0.049019607843137254,0.06862745098039216,0.08823529411764706,miRNA
URS0000DC2270/Pseudomonas,0.06796116504854369,0.019417475728155338,0.0970873786407767,0.038834951456310676,0.05825242718446602,0.038834951456310676,0.038834951456310676,0.0970873786407767,0.07766990291262135,0.1262135922330097,0.05825242718446602,0.04854368932038835,0.019417475728155338,0.04854368932038835,0.11650485436893204,0.04854368932038835,miRNA
URS0000E15330/Stenotrophomonas,0.07692307692307693,0.04395604395604396,0.054945054945054944,0.04395604395604396,0.054945054945054944,0.08791208791208792,0.07692307692307693,0.03296703296703297,0.054945054945054944,0.054945054945054944,0.0989010989010989,0.07692307692307693,0.03296703296703297,0.06593406593406594,0.04395604395604396,0.0989010989010989,miRNA
URS0000DE9C8B/Pseudomonas,0.025974025974025976,0.06493506493506493,0.05194805194805195,0.012987012987012988,0.05194805194805195,0.11688311688311688,0.09090909090909091,0.06493506493506493,0.03896103896103896,0.07792207792207792,0.11688311688311688,0.07792207792207792,0.03896103896103896,0.05194805194805195,0.06493506493506493,0.05194805194805195,miRNA
URS0000E17B49/Stenotrophomonas,0.07228915662650602,0.060240963855421686,0.04819277108433735,0.07228915662650602,0.04819277108433735,0.08433734939759036,0.04819277108433735,0.03614457831325301,0.08433734939759036,0.024096385542168676,0.0963855421686747,0.060240963855421686,0.04819277108433735,0.060240963855421686,0.060240963855421686,0.0963855421686747,miRNA
URS0000DEAA98/Pseudomonas,0.10227272727272728,0.045454545454545456,0.07954545454545454,0.056818181818181816,0.07954545454545454,0.056818181818181816,0.045454545454545456,0.09090909090909091,0.045454545454545456,0.11363636363636363,0.06818181818181818,0.011363636363636364,0.045454545454545456,0.06818181818181818,0.045454545454545456,0.045454545454545456,miRNA
URS0000E26647/Stenotrophomonas,0.09876543209876543,0.037037037037037035,0.04938271604938271,0.04938271604938271,0.024691358024691357,0.09876543209876543,0.06172839506172839,0.037037037037037035,0.06172839506172839,0.012345679012345678,0.09876543209876543,0.07407407407407407,0.04938271604938271,0.07407407407407407,0.04938271604938271,0.12345679012345678,miRNA
URS0000E276B4/Thiocapsa,0.09411764705882353,0.12941176470588237,0.0,0.047058823529411764,0.07058823529411765,0.0,0.15294117647058825,0.011764705882352941,0.08235294117647059,0.0,0.0,0.1411764705882353,0.03529411764705882,0.10588235294117647,0.058823529411764705,0.07058823529411765,miRNA
URS0000E343A9/Stenotrophomonas,0.12195121951219512,0.07317073170731707,0.06097560975609756,0.024390243902439025,0.04878048780487805,0.08536585365853659,0.06097560975609756,0.04878048780487805,0.08536585365853659,0.012195121951219513,0.10975609756097561,0.04878048780487805,0.036585365853658534,0.07317073170731707,0.024390243902439025,0.08536585365853659,miRNA
URS0000E436D3/Eilatimonas,0.0,0.0,0.0,0.22105263157894736,0.22105263157894736,0.0,0.0,0.010526315789473684,0.0,0.010526315789473684,0.10526315789473684,0.09473684210526316,0.010526315789473684,0.22105263157894736,0.10526315789473684,0.0,miRNA
URS0000EE4968/Labrenzia,0.0,0.0,0.0,0.1956521739130435,0.06521739130434782,0.0,0.05434782608695652,0.0,0.14130434782608695,0.0,0.07608695652173914,0.13043478260869565,0.0,0.11956521739130435,0.21739130434782608,0.0,miRNA
URS0000EC949F/Tepidamorphus,0.010526315789473684,0.010526315789473684,0.0,0.18947368421052632,0.08421052631578947,0.031578947368421054,0.042105263157894736,0.0,0.12631578947368421,0.010526315789473684,0.07368421052631578,0.11578947368421053,0.0,0.09473684210526316,0.21052631578947367,0.0,miRNA
URS0000ECB7FB/Anoxybacillus,0.14432989690721648,0.020618556701030927,0.08247422680412371,0.05154639175257732,0.05154639175257732,0.010309278350515464,0.041237113402061855,0.041237113402061855,0.09278350515463918,0.05154639175257732,0.041237113402061855,0.020618556701030927,0.020618556701030927,0.061855670103092786,0.041237113402061855,0.2268041237113402,miRNA
URS0000ECCD21/Larkinella,0.0989010989010989,0.01098901098901099,0.04395604395604396,0.17582417582417584,0.08791208791208792,0.03296703296703297,0.04395604395604396,0.01098901098901099,0.0989010989010989,0.03296703296703297,0.01098901098901099,0.03296703296703297,0.054945054945054944,0.0989010989010989,0.07692307692307693,0.08791208791208792,miRNA
URS00010C75D7/Sinorhizobium,0.010526315789473684,0.042105263157894736,0.0,0.16842105263157894,0.09473684210526316,0.042105263157894736,0.031578947368421054,0.0,0.12631578947368421,0.010526315789473684,0.08421052631578947,0.10526315789473684,0.0,0.07368421052631578,0.21052631578947367,0.0,miRNA
URS00012E0807/Stenotrophomonas,0.10752688172043011,0.053763440860215055,0.06451612903225806,0.03225806451612903,0.053763440860215055,0.08602150537634409,0.043010752688172046,0.06451612903225806,0.07526881720430108,0.03225806451612903,0.10752688172043011,0.043010752688172046,0.021505376344086023,0.07526881720430108,0.043010752688172046,0.0967741935483871,miRNA
URS0000EE636E/Stenotrophomonas,0.11702127659574468,0.05319148936170213,0.05319148936170213,0.05319148936170213,0.05319148936170213,0.0851063829787234,0.05319148936170213,0.0425531914893617,0.06382978723404255,0.02127659574468085,0.0851063829787234,0.06382978723404255,0.031914893617021274,0.07446808510638298,0.0425531914893617,0.10638297872340426,miRNA
URS0001535F0D/Chitinophaga,0.19767441860465115,0.0,0.12790697674418605,0.03488372093023256,0.011627906976744186,0.08139534883720931,0.0,0.08139534883720931,0.13953488372093023,0.011627906976744186,0.05813953488372093,0.0,0.023255813953488372,0.08139534883720931,0.011627906976744186,0.13953488372093023,miRNA
URS0000EE6B72/Stenotrophomonas,0.11363636363636363,0.045454545454545456,0.03409090909090909,0.056818181818181816,0.03409090909090909,0.07954545454545454,0.056818181818181816,0.056818181818181816,0.056818181818181816,0.03409090909090909,0.09090909090909091,0.056818181818181816,0.056818181818181816,0.06818181818181818,0.056818181818181816,0.10227272727272728,miRNA
URS0000EE9049/Stenotrophomonas,0.09523809523809523,0.05952380952380952,0.03571428571428571,0.047619047619047616,0.047619047619047616,0.09523809523809523,0.05952380952380952,0.047619047619047616,0.07142857142857142,0.03571428571428571,0.10714285714285714,0.047619047619047616,0.023809523809523808,0.05952380952380952,0.047619047619047616,0.11904761904761904,miRNA
URS0000F02773/Pseudomonas,0.08791208791208792,0.02197802197802198,0.07692307692307693,0.054945054945054944,0.07692307692307693,0.06593406593406594,0.04395604395604396,0.08791208791208792,0.07692307692307693,0.10989010989010989,0.04395604395604396,0.02197802197802198,0.01098901098901099,0.06593406593406594,0.08791208791208792,0.06593406593406594,miRNA
URS0001DBD379/Novosphingobium,0.023529411764705882,0.047058823529411764,0.07058823529411765,0.0,0.03529411764705882,0.18823529411764706,0.023529411764705882,0.10588235294117647,0.07058823529411765,0.023529411764705882,0.2,0.03529411764705882,0.0,0.09411764705882353,0.047058823529411764,0.03529411764705882,miRNA
URS000160FDB3/Pseudomonas,0.0891089108910891,0.039603960396039604,0.06930693069306931,0.04950495049504951,0.04950495049504951,0.0297029702970297,0.0594059405940594,0.09900990099009901,0.09900990099009901,0.0594059405940594,0.019801980198019802,0.04950495049504951,0.019801980198019802,0.10891089108910891,0.06930693069306931,0.0891089108910891,miRNA
URS0001FF58A2/Novosphingobium,0.023809523809523808,0.03571428571428571,0.05952380952380952,0.011904761904761904,0.023809523809523808,0.17857142857142858,0.03571428571428571,0.09523809523809523,0.05952380952380952,0.011904761904761904,0.17857142857142858,0.05952380952380952,0.011904761904761904,0.10714285714285714,0.047619047619047616,0.05952380952380952,miRNA
URS0001F4F4DB/Novosphingobium,0.023529411764705882,0.011764705882352941,0.11764705882352941,0.011764705882352941,0.023529411764705882,0.2,0.023529411764705882,0.07058823529411765,0.10588235294117647,0.03529411764705882,0.2235294117647059,0.023529411764705882,0.011764705882352941,0.058823529411764705,0.03529411764705882,0.023529411764705882,miRNA
URS000218B35A/Confluentimicrobium,0.1485148514851485,0.039603960396039604,0.0297029702970297,0.07920792079207921,0.04950495049504951,0.0891089108910891,0.06930693069306931,0.04950495049504951,0.06930693069306931,0.0594059405940594,0.07920792079207921,0.0,0.0297029702970297,0.07920792079207921,0.0297029702970297,0.09900990099009901,miRNA
URS00021A486D/Sphingomonas,0.02666666666666667,0.05333333333333334,0.04,0.013333333333333334,0.05333333333333334,0.22666666666666666,0.10666666666666667,0.04,0.06666666666666667,0.09333333333333334,0.14666666666666667,0.02666666666666667,0.0,0.04,0.04,0.02666666666666667,miRNA
URS00021ACA95/Novosphingobium,0.06593406593406594,0.03296703296703297,0.07692307692307693,0.01098901098901099,0.02197802197802198,0.15384615384615385,0.02197802197802198,0.0989010989010989,0.07692307692307693,0.03296703296703297,0.21978021978021978,0.03296703296703297,0.02197802197802198,0.06593406593406594,0.04395604395604396,0.02197802197802198,miRNA
URS00021ADE18/Halomonas,0.024390243902439025,0.024390243902439025,0.036585365853658534,0.04878048780487805,0.06097560975609756,0.07317073170731707,0.12195121951219512,0.04878048780487805,0.06097560975609756,0.12195121951219512,0.12195121951219512,0.06097560975609756,0.0,0.08536585365853659,0.08536585365853659,0.024390243902439025,miRNA
URS00021AE063/Rhizobium,0.033707865168539325,0.011235955056179775,0.056179775280898875,0.011235955056179775,0.02247191011235955,0.16853932584269662,0.0898876404494382,0.056179775280898875,0.06741573033707865,0.056179775280898875,0.14606741573033707,0.06741573033707865,0.0,0.10112359550561797,0.0449438202247191,0.06741573033707865,miRNA
URS00021C081C/Dyella,0.06666666666666667,0.05555555555555555,0.044444444444444446,0.03333333333333333,0.06666666666666667,0.13333333333333333,0.1,0.03333333333333333,0.044444444444444446,0.08888888888888889,0.15555555555555556,0.044444444444444446,0.011111111111111112,0.05555555555555555,0.044444444444444446,0.022222222222222223,miRNA
URS00021C0B9D/Methylorubrum,0.0375,0.0625,0.05,0.025,0.0375,0.1,0.1875,0.0375,0.1,0.1,0.0875,0.0375,0.0,0.1,0.0,0.0375,miRNA
URS00021C22EE/Paeniglutamicibacter,0.02564102564102564,0.038461538461538464,0.0,0.0641025641025641,0.038461538461538464,0.14102564102564102,0.15384615384615385,0.01282051282051282,0.0641025641025641,0.08974358974358974,0.19230769230769232,0.038461538461538464,0.0,0.08974358974358974,0.038461538461538464,0.01282051282051282,miRNA
URS000218D91A/Pseudomonas,0.08928571428571429,0.044642857142857144,0.07142857142857142,0.008928571428571428,0.08035714285714286,0.07142857142857142,0.09821428571428571,0.0625,0.044642857142857144,0.125,0.07142857142857142,0.0625,0.0,0.0625,0.0625,0.044642857142857144,miRNA
URS00021B005B/Sphingosinicella,0.03296703296703297,0.06593406593406594,0.02197802197802198,0.04395604395604396,0.06593406593406594,0.18681318681318682,0.10989010989010989,0.04395604395604396,0.054945054945054944,0.08791208791208792,0.14285714285714285,0.02197802197802198,0.02197802197802198,0.06593406593406594,0.03296703296703297,0.0,miRNA
URS00021B028A/Sphingomonas,0.024390243902439025,0.012195121951219513,0.07317073170731707,0.04878048780487805,0.06097560975609756,0.06097560975609756,0.12195121951219512,0.06097560975609756,0.06097560975609756,0.14634146341463414,0.04878048780487805,0.04878048780487805,0.012195121951219513,0.08536585365853659,0.07317073170731707,0.06097560975609756,miRNA
URS000218FD5C/Sphingomonas,0.03296703296703297,0.054945054945054944,0.03296703296703297,0.01098901098901099,0.02197802197802198,0.13186813186813187,0.10989010989010989,0.054945054945054944,0.04395604395604396,0.10989010989010989,0.17582417582417584,0.054945054945054944,0.03296703296703297,0.03296703296703297,0.054945054945054944,0.04395604395604396,miRNA
URS00021B14C0/Sphingomonas,0.03571428571428571,0.0625,0.017857142857142856,0.026785714285714284,0.03571428571428571,0.13392857142857142,0.08928571428571429,0.07142857142857142,0.03571428571428571,0.0625,0.15178571428571427,0.07142857142857142,0.03571428571428571,0.07142857142857142,0.0625,0.03571428571428571,miRNA
URS00021B16B1/Dyella,0.022222222222222223,0.03333333333333333,0.03333333333333333,0.03333333333333333,0.03333333333333333,0.1111111111111111,0.1,0.06666666666666667,0.05555555555555555,0.08888888888888889,0.13333333333333333,0.06666666666666667,0.011111111111111112,0.06666666666666667,0.07777777777777778,0.06666666666666667,miRNA
URS00021B2778/Sphingomonas,0.022222222222222223,0.03333333333333333,0.05555555555555555,0.011111111111111112,0.03333333333333333,0.14444444444444443,0.13333333333333333,0.044444444444444446,0.03333333333333333,0.13333333333333333,0.15555555555555556,0.03333333333333333,0.044444444444444446,0.044444444444444446,0.011111111111111112,0.06666666666666667,miRNA
URS00021B3E92/Rhizobium,0.046511627906976744,0.03488372093023256,0.046511627906976744,0.03488372093023256,0.046511627906976744,0.20930232558139536,0.05813953488372093,0.06976744186046512,0.06976744186046512,0.05813953488372093,0.13953488372093023,0.023255813953488372,0.011627906976744186,0.08139534883720931,0.046511627906976744,0.023255813953488372,miRNA
URS00021B4EC1/Streptosporangium,0.0,0.04081632653061224,0.04081632653061224,0.061224489795918366,0.04081632653061224,0.16326530612244897,0.12244897959183673,0.04081632653061224,0.061224489795918366,0.08163265306122448,0.16326530612244897,0.04081632653061224,0.04081632653061224,0.061224489795918366,0.04081632653061224,0.0,miRNA
URS00021B611A/Sphingomonas,0.0297029702970297,0.039603960396039604,0.019801980198019802,0.07920792079207921,0.039603960396039604,0.1485148514851485,0.12871287128712872,0.019801980198019802,0.07920792079207921,0.06930693069306931,0.12871287128712872,0.04950495049504951,0.019801980198019802,0.07920792079207921,0.039603960396039604,0.0297029702970297,miRNA
URS00021B6483/Sphingomonas,0.018691588785046728,0.056074766355140186,0.06542056074766354,0.0,0.04672897196261682,0.16822429906542055,0.102803738317757,0.037383177570093455,0.04672897196261682,0.09345794392523364,0.1588785046728972,0.06542056074766354,0.018691588785046728,0.037383177570093455,0.04672897196261682,0.037383177570093455,miRNA
URS00021C79A6/Sphingomonas,0.036585365853658534,0.024390243902439025,0.04878048780487805,0.06097560975609756,0.04878048780487805,0.07317073170731707,0.13414634146341464,0.06097560975609756,0.07317073170731707,0.15853658536585366,0.07317073170731707,0.024390243902439025,0.012195121951219513,0.06097560975609756,0.07317073170731707,0.036585365853658534,miRNA
URS00021952B3/Sphingobium,0.044444444444444446,0.07777777777777778,0.03333333333333333,0.011111111111111112,0.022222222222222223,0.1111111111111111,0.14444444444444443,0.06666666666666667,0.07777777777777778,0.03333333333333333,0.08888888888888889,0.07777777777777778,0.022222222222222223,0.1111111111111111,0.022222222222222223,0.05555555555555555,miRNA
URS00021B66A2/Dyella,0.030612244897959183,0.02040816326530612,0.02040816326530612,0.04081632653061224,0.02040816326530612,0.12244897959183673,0.10204081632653061,0.07142857142857142,0.04081632653061224,0.10204081632653061,0.1326530612244898,0.05102040816326531,0.030612244897959183,0.061224489795918366,0.07142857142857142,0.08163265306122448,miRNA
URS00021B68BF/Sphingopyxis,0.018691588785046728,0.028037383177570093,0.04672897196261682,0.028037383177570093,0.018691588785046728,0.14018691588785046,0.1588785046728972,0.037383177570093455,0.06542056074766354,0.1308411214953271,0.14953271028037382,0.037383177570093455,0.018691588785046728,0.04672897196261682,0.028037383177570093,0.04672897196261682,miRNA
URS00021B8FBC/Sphingomonas,0.011764705882352941,0.011764705882352941,0.07058823529411765,0.023529411764705882,0.03529411764705882,0.2,0.023529411764705882,0.08235294117647059,0.07058823529411765,0.047058823529411764,0.23529411764705882,0.023529411764705882,0.0,0.07058823529411765,0.058823529411764705,0.03529411764705882,miRNA
URS00021B9845/Sphingopyxis,0.03488372093023256,0.046511627906976744,0.023255813953488372,0.023255813953488372,0.011627906976744186,0.16279069767441862,0.1744186046511628,0.03488372093023256,0.05813953488372093,0.13953488372093023,0.1511627906976744,0.023255813953488372,0.011627906976744186,0.046511627906976744,0.023255813953488372,0.03488372093023256,miRNA
URS0002195B74/Bradyrhizobium,0.03333333333333333,0.03333333333333333,0.044444444444444446,0.06666666666666667,0.05555555555555555,0.1,0.13333333333333333,0.03333333333333333,0.05555555555555555,0.1111111111111111,0.12222222222222222,0.044444444444444446,0.03333333333333333,0.06666666666666667,0.044444444444444446,0.022222222222222223,miRNA
URS00021BA1BB/Sphingomonas,0.019417475728155338,0.038834951456310676,0.04854368932038835,0.038834951456310676,0.04854368932038835,0.13592233009708737,0.08737864077669903,0.08737864077669903,0.05825242718446602,0.11650485436893204,0.11650485436893204,0.038834951456310676,0.02912621359223301,0.05825242718446602,0.07766990291262135,0.0,miRNA
URS00021BC98A/Rhizobium,0.03529411764705882,0.03529411764705882,0.058823529411764705,0.0,0.011764705882352941,0.18823529411764706,0.09411764705882353,0.08235294117647059,0.09411764705882353,0.07058823529411765,0.1411764705882353,0.023529411764705882,0.0,0.08235294117647059,0.03529411764705882,0.047058823529411764,miRNA
URS00021CA378/Rhizobium,0.022222222222222223,0.03333333333333333,0.07777777777777778,0.0,0.03333333333333333,0.2,0.08888888888888889,0.044444444444444446,0.08888888888888889,0.05555555555555555,0.17777777777777778,0.03333333333333333,0.0,0.07777777777777778,0.011111111111111112,0.05555555555555555,miRNA
URS0002195DD5/Rhizobium,0.011627906976744186,0.011627906976744186,0.046511627906976744,0.05813953488372093,0.046511627906976744,0.1511627906976744,0.03488372093023256,0.09302325581395349,0.08139534883720931,0.06976744186046512,0.18604651162790697,0.011627906976744186,0.0,0.09302325581395349,0.06976744186046512,0.03488372093023256,miRNA
URS000219697A/Sphingopyxis,0.029411764705882353,0.0392156862745098,0.029411764705882353,0.0196078431372549,0.0,0.11764705882352941,0.16666666666666666,0.06862745098039216,0.049019607843137254,0.1568627450980392,0.13725490196078433,0.029411764705882353,0.0392156862745098,0.0392156862745098,0.0392156862745098,0.0392156862745098,miRNA
URS00021971AB/Sphingomonas,0.024390243902439025,0.036585365853658534,0.07317073170731707,0.06097560975609756,0.07317073170731707,0.036585365853658534,0.10975609756097561,0.07317073170731707,0.07317073170731707,0.14634146341463414,0.04878048780487805,0.036585365853658534,0.024390243902439025,0.07317073170731707,0.07317073170731707,0.036585365853658534,miRNA
URS000219908E/Bradyrhizobium,0.02127659574468085,0.0425531914893617,0.05319148936170213,0.0425531914893617,0.0425531914893617,0.10638297872340426,0.13829787234042554,0.06382978723404255,0.07446808510638298,0.14893617021276595,0.09574468085106383,0.010638297872340425,0.02127659574468085,0.05319148936170213,0.05319148936170213,0.031914893617021274,miRNA
URS000219BB56/Sphingomonas,0.03508771929824561,0.07017543859649122,0.03508771929824561,0.017543859649122806,0.02631578947368421,0.13157894736842105,0.14035087719298245,0.02631578947368421,0.043859649122807015,0.07894736842105263,0.12280701754385964,0.09649122807017543,0.043859649122807015,0.05263157894736842,0.043859649122807015,0.03508771929824561,miRNA
URS000219BD1C/Devosia,0.03125,0.078125,0.0390625,0.046875,0.078125,0.1640625,0.109375,0.03125,0.0625,0.09375,0.0859375,0.0546875,0.015625,0.046875,0.0625,0.0,miRNA
URS000219D115/Rubricella,0.011494252873563218,0.034482758620689655,0.06896551724137931,0.011494252873563218,0.05747126436781609,0.12643678160919541,0.10344827586206896,0.06896551724137931,0.06896551724137931,0.13793103448275862,0.11494252873563218,0.034482758620689655,0.0,0.05747126436781609,0.06896551724137931,0.034482758620689655,miRNA
URS00021BEF43/Xanthomonas,0.0449438202247191,0.033707865168539325,0.056179775280898875,0.011235955056179775,0.02247191011235955,0.1797752808988764,0.12359550561797752,0.033707865168539325,0.07865168539325842,0.06741573033707865,0.19101123595505617,0.0449438202247191,0.0,0.06741573033707865,0.02247191011235955,0.02247191011235955,miRNA
URS00021DCE9E/Novosphingobium,0.023529411764705882,0.023529411764705882,0.058823529411764705,0.011764705882352941,0.03529411764705882,0.1411764705882353,0.11764705882352941,0.08235294117647059,0.058823529411764705,0.15294117647058825,0.12941176470588237,0.011764705882352941,0.011764705882352941,0.058823529411764705,0.047058823529411764,0.03529411764705882,miRNA
URS00021DE097/Rhizobium,0.03529411764705882,0.011764705882352941,0.058823529411764705,0.011764705882352941,0.011764705882352941,0.18823529411764706,0.09411764705882353,0.08235294117647059,0.07058823529411765,0.09411764705882353,0.11764705882352941,0.03529411764705882,0.011764705882352941,0.08235294117647059,0.047058823529411764,0.047058823529411764,miRNA
URS00021DF2C3/Sphingobium,0.054945054945054944,0.03296703296703297,0.054945054945054944,0.04395604395604396,0.054945054945054944,0.13186813186813187,0.06593406593406594,0.08791208791208792,0.054945054945054944,0.08791208791208792,0.0989010989010989,0.03296703296703297,0.02197802197802198,0.08791208791208792,0.054945054945054944,0.03296703296703297,miRNA
URS00021E00E1/Sphingomonas,0.01098901098901099,0.03296703296703297,0.01098901098901099,0.06593406593406594,0.03296703296703297,0.16483516483516483,0.13186813186813187,0.06593406593406594,0.06593406593406594,0.0989010989010989,0.0989010989010989,0.02197802197802198,0.01098901098901099,0.0989010989010989,0.04395604395604396,0.04395604395604396,miRNA
URS00021E2097/Sphingomonas,0.034482758620689655,0.06206896551724138,0.06206896551724138,0.027586206896551724,0.06206896551724138,0.1310344827586207,0.11724137931034483,0.034482758620689655,0.05517241379310345,0.11724137931034483,0.13793103448275862,0.041379310344827586,0.027586206896551724,0.034482758620689655,0.034482758620689655,0.020689655172413793,miRNA
URS00021E34FA/Dyella,0.061224489795918366,0.030612244897959183,0.061224489795918366,0.02040816326530612,0.04081632653061224,0.1326530612244898,0.10204081632653061,0.05102040816326531,0.07142857142857142,0.08163265306122448,0.11224489795918367,0.07142857142857142,0.01020408163265306,0.08163265306122448,0.05102040816326531,0.02040816326530612,miRNA
URS00021E4017/Sphingomonas,0.021739130434782608,0.010869565217391304,0.07608695652173914,0.010869565217391304,0.05434782608695652,0.07608695652173914,0.08695652173913043,0.09782608695652174,0.043478260869565216,0.16304347826086957,0.10869565217391304,0.05434782608695652,0.0,0.05434782608695652,0.10869565217391304,0.03260869565217391,miRNA
