REAL,miRNA,premiRNA,rRNA,snRNA,snoRNA,tRNA,tmRNA,All
miRNA,122,60,2,1,23,3,0,211
premiRNA,58,125,3,1,8,7,1,203
rRNA,3,2,539,0,2,0,3,549
snRNA,3,2,1,65,17,1,2,91
snoRNA,13,13,9,7,94,1,6,143
tRNA,1,2,0,1,1,351,0,356
tmRNA,0,0,3,2,1,3,271,280
All,200,204,557,77,146,366,283,1833
